%% Default plot colors
c1 = [     0    0.4470    0.7410]; % Blue
c2 = [0.8500    0.3250    0.0980]; % Orange
c3 = [0.9290    0.6940    0.1250]; % Yellow
c4 = [0.4940    0.1840    0.5560]; % Purple
c5 = [0.4660    0.6740    0.1880]; % Green
c6 = [0.3010    0.7450    0.9330]; % Light Blue
c7 = [0.6350    0.0780    0.1840]; % Red
